((("PICTOGRAM_MODE" .
   [0 0 0 1 0 0 0 0 0 0 0 0 0 0])
  ("acc" .
   [2 0 0])
  ("z_grid" .
   [0 0 0 1 0 0])
  ("displacement" .
   [0 0 0 0 1 0 3 0 0 0 0 0])
  ("shape" .
   [1 0 0 0 0])
  ("s" .
   [1])
  ("delete" .
   [1 0 0 0 0 0])
  ("wight" .
   [2 0 0 0 0])
  ("append" .
   [9 0 1 0 0 1])
  ("X_DIM" .
   [1 1 1 0 0])
  ("horsepower" .
   [4 1 0 1 0 2 0 0 0 0])
  ("ones" .
   [3 0 0 0])
  ("a2" .
   [3 0])
  ("a1" .
   [3 0])
  ("ck_newとし更新する" .
   [1 0 0 0 0 0 0 0 0 0 0 0])
  ("z1" .
   [1 0])
  ("x1" .
   [1 0])
  ("categorizedされたデーターをラベルごとに格納" .
   [0 0 0 0 1 0 0 0 0 0 0 0 0 0 0 0 0 0 0 0 0 0 0 0 0 0 0])
  ("plt" .
   [2 0 0])
  ("array" .
   [4 0 0 0 1])
  ("mean" .
   [3 0 0 0])
  ("arange" .
   [1 0 0 0 0 0])
  ("c_" .
   [6 0])
  ("zeros" .
   [3 0 0 0 0])
  ("c_data" .
   [12 0 0 0 0 0])
  ("copy" .
   [1 0 0 0])
  ("k" .
   [32])
  ("nearest_set" .
   [2 0 0 2 0 2 0 0 0 0 0])
  ("farest" .
   [0 0 0 0 1 0])
  ("distance" .
   [3 0 0 0 0 0 0 0])
  ("sample" .
   [8 0 0 0 0 1])
  ("traning_data" .
   [1 0 1 4 0 0 0 0 0 0 0 0])
  ("np" .
   [80 0])
  ("k_nearest" .
   [0 1 0 0 0 0 0 0 0])
  ("queue_size" .
   [0 0 0 1 0 0 0 0 0 0])
  ("roslib" .
   [5 0 0 0 0 0])
  ("pub" .
   [2 0 0])
  ("talker" .
   [0 0 0 0 1 0])
  ("conor" .
   [1 0 0 0 1])
  ("y" .
   [6])
  ("IndentationError" .
   [1 0 0 0 0 0 0 0 0 0 0 0 0 0 0 0])
  ("go_conor" .
   [1 0 0 0 0 0 0 0])
  ("i" .
   [44])
  ("is_shutdown" .
   [0 0 0 1 0 0 0 0 0 0 0])
  ("wait_for_server" .
   [0 0 0 0 1 0 0 0 0 0 0 0 0 0 0])
  ("client" .
   [2 1 0 4 0 0])
  ("MoveBaseAction" .
   [0 0 0 0 0 0 0 0 0 0 0 0 0 1])
  ("SimpleActionClient" .
   [1 0 0 0 0 0 1 0 1 0 0 0 0 0 0 0 0 0])
  ("actionlib" .
   [0 0 1 0 0 1 1 0 0])
  ("True" .
   [0 0 0 1])
  ("anonymous" .
   [1 0 0 0 0 0 0 0 0])
  ("INFO" .
   [0 0 0 1])
  ("rospy" .
   [9 2 1 2 1])
  ("Subscriber" .
   [1 0 0 0 0 0 0 0 0 0])
  ("sleep" .
   [0 0 0 1 1])
  ("Traceback" .
   [0 0 0 0 0 0 0 1 0])
  ("import" .
   [0 0 0 0 1 2])
  ("goal" .
   [10 1 0 3])
  ("header" .
   [0 0 0 1 0 0])
  ("pose" .
   [2 0 0 2])
  ("target_pose" .
   [4 0 1 0 0 0 0 1 1 0 0])
  ("send_goal" .
   [0 0 0 0 0 0 0 0 1])
  ("ROSInterruptException" .
   [0 0 0 0 0 0 1 0 0 0 0 0 0 0 0 0 0 0 0 0 0])
  ("MoveBaseGoal" .
   [1 0 0 0 0 0 0 0 0 0 0 0])
  ("abs" .
   [1 0 0])
  ("usr" .
   [1 0 0])
  ("load_manifest" .
   [0 0 0 0 1 0 0 0 0 0 0 0 0])
  ("beginner_tutorials" .
   [0 0 0 1 0 0 0 0 0 0 0 0 0 0 0 0 0 0])
  ("msg" .
   [1 0 0])
  ("init_node" .
   [0 0 0 0 0 1 0 0 0])
  ("SimpleActionServer" .
   [0 1 0 0 0 0 0 0 0 0 0 0 0 0 0 0 0 0])
  ("DoDishesAction" .
   [0 0 0 0 0 1 0 0 0 0 0 0 0 0])
  ("dishwasher" .
   [0 0 0 0 0 0 0 0 0 1])
  ("dishwasher_id" .
   [1 0 0 0 0 0 0 0 0 0 0 0 0])
  ("df" .
   [6 0])
  ("data" .
   [31 1 1 0])
  ("category" .
   [1 0 0 0 0 0 0 0])
  ("y1" .
   [2 0])
  ("z2" .
   [1 0])
  ("ans" .
   [1 0 0])
  ("fig" .
   [1 0 0])
  ("nearest_" .
   [0 0 0 0 0 0 0 1])
  ("argmin" .
   [1 0 0 0 0 0])
  ("nearest_labels" .
   [1 0 0 0 0 0 0 0 0 0 0 0 2 0])
  ("argmax" .
   [2 0 0 0 0 0])
  ("sample_label" .
   [2 0 0 0 0 0 0 0 0 0 0 0])
  ("mod_k_nearest" .
   [0 0 0 0 1 0 0 0 0 0 0 0 0])
  ("temp" .
   [3 0 0 0])
  ("remove_index" .
   [0 0 0 0 0 0 1 0 0 0 0 0])
  ("range" .
   [0 0 0 0 1])
  ("make_dataset" .
   [0 0 0 0 0 1 0 0 0 0 0 0])
  ("mat" .
   [5 0 0])
  ("ave" .
   [13 0 0])
  ("isnan" .
   [1 0 0 0 0])
  ("dtype" .
   [2 0 0 0 0])
  ("j" .
   [22])
  ("c" .
   [4])
  ("ck" .
   [8 0])
  ("new_ck" .
   [8 0 0 0 0 0])
  ("axes" .
   [4 0 0 0])
  ("set_xlabel" .
   [0 0 0 0 0 1 0 0 0 0])
  ("scatter" .
   [1 0 0 0 0 0 0])
  ("marker" .
   [1 0 0 0 0 0])
  ("x" .
   [21])
  ("cmap" .
   [2 0 0 0])
  ("color" .
   [1 0 0 0 0])
  ("axesオブジェクト保持用" .
   [1 0 0 0 0 0 0 0 0 0 0 0 0])
  ("argvs" .
   [0 0 0 1 0])
  ("weight" .
   [2 2 0 0 0 0])
  ("T" .
   [8])
  ("inv" .
   [3 0 0])
  ("dot" .
   [7 0 0])
  ("o" .
   [2])
  ("x_axis" .
   [2 0 1 1 0 1])
  ("y_axis" .
   [1 0 0 1 0 0])
  ("x_tmp" .
   [2 0 0 0 0])
  ("y_tmp" .
   [2 0 0 0 0])
  ("y_model" .
   [3 0 0 0 0 0 1])
  ("x_model" .
   [4 0 0 0 0 0 0])
  ("estimated" .
   [10 0 0 0 1 2 0 0 2])
  ("MESH_SIZE" .
   [2 1 2 0 2 1 0 0 0])
  ("x_grid" .
   [1 0 0 0 0 0])
  ("y_grid" .
   [1 0 0 0 0 0])
  ("x_mesh" .
   [4 0 0 0 0 0])
  ("y_mesh" .
   [3 0 0 0 0 0])))
